        0.0190959992555476        0.0104119996882379
        0.0201750013037305        0.0123079994408096
         0.021347999305857        0.0152319989090418
        0.0234760011448318        0.0153869991698753
        0.0251410008483119        0.0122699993899855
        0.0270510006731509        0.0109659994657556
        0.0316580013293595       0.00905179902513598
        0.0339340012233674        0.0129529996076609
        0.0338010023348154        0.0137400001250078
        0.0332290011544672        0.0119189997769261
        0.0297580009488412        0.0127549998780873
        0.0250870007094369        0.0143289998958124
        0.0172339991181054        0.0209529977826962
       0.00947470012967254        0.0283109978823547
       0.00385070021010032        0.0311319977480736
        0.0057500999077511        0.0238679980952859
        0.0130359994774093        0.0180329980521906
        0.0136709995116355        0.0165959999840136
        0.0142240005704457        0.0165879994915918
        0.0152390000921113        0.0171319983993401
        0.0181009996036307        0.0199030000180238
        0.0179060006283042        0.0249589980022568
        0.0174710012537792        0.0318089978506748
        0.0178040008020324        0.0383959974008613
        0.0167520007855014        0.0457939969117228
        0.0133440004148606        0.0523019983366614
       0.00865680013379368         0.059980998490977
       0.00377799992320579        0.0680739984496622
      -0.00181030008169895        0.0775860032500825
      -0.00601600006469116        0.0870489942291271
      -0.00836380032503791        0.0924639943527786
       -0.0118220000253604        0.0969649918623357
       -0.0155769993625248           0.1036499987159
       -0.0218010000348166         0.107559999128211
       -0.0281009992310463         0.107270000346083
       -0.0360830026803015          0.10524999957127
       -0.0431739979514755        0.0997079922660275
       -0.0502329973554804        0.0919309970119579
       -0.0506449995778392        0.0827329955218371
       -0.0468459995461205        0.0690249983834852
       -0.0448860024996777        0.0568849960629409
       -0.0521869978748737        0.0407199985822673
        -0.055195001831648        0.0360429963412425
       -0.0565729982534218        0.0327819988844155
       -0.0569960006494191        0.0253329983954234
       -0.0597439994317103        0.0124169991583971
        -0.069676999250191      -0.00431270016945225
       -0.0735860049427241       -0.0077034994377384
       -0.0720470009847856      -0.00967419909753072
       -0.0714439968177286       -0.0098788996335829
        -0.072809007304943        -0.012642999085994
       -0.0753739982037923       -0.0174299986908586
       -0.0768429982026281       -0.0207159993390778
       -0.0748509974401587       -0.0240859995643983
        -0.073464002303382        -0.024649998177748
       -0.0734099943156496       -0.0277199987511711
       -0.0734320025117841       -0.0316299971295446
       -0.0714640035552275       -0.0325979987453693
       -0.0703940002220476       -0.0357989970853917
       -0.0656529960235405       -0.0378999973797693
       -0.0611170000557524        -0.035230999751284
        -0.056616002143087       -0.0317819993667783
       -0.0512650004455843       -0.0332059995585546
       -0.0445469985755177       -0.0324319989515456
        -0.037431000769113       -0.0324960008569827
       -0.0308720010521467       -0.0313079984116667
       -0.0257490008131006       -0.0309209970911935
       -0.0177590013403746       -0.0293839994780403
       -0.0119110001815724       -0.0295449978200107
      -0.00828380084604317       -0.0282559981834662
      -0.00511769980753685       -0.0276719998645149
      -0.00157879999505878       -0.0272839998808209
       0.00111930004426124       -0.0253519974038668
       0.00300200007142098       -0.0232109997322235
       0.00509239999683245       -0.0216779988058909
       0.00655999995573048       -0.0198229991616804
       0.00692309987209202       -0.0190819991875795
       0.00777080001728393       -0.0172139986160624
       0.00840570046913195       -0.0171079999729807
       0.00907390018903026       -0.0155249997826443
       0.00968330019375672       -0.0132909993103824
        0.0100440003219699       -0.0110680004050481
       0.00981650020927941       -0.0105669999490713
       0.00765739972564636       -0.0103519995544647
       0.00394419996909061      -0.00980369988626751
        0.0016835000735512       -0.0100949993713074
      0.000170949999620329      -0.00990009936219926
      -0.00159590007991534       -0.0114280001907188
      -0.00212530011509347       -0.0115369988913377
      -0.00128819997445141       -0.0111849995980888
      -0.00179120000986753       -0.0108359993454084
      -0.00247230006272429        -0.010150999767354
      -0.00302430014693987      -0.00836059949766642
       -0.0026451998442258      -0.00723649929485915
      -0.00279560014017523       -0.0077862995003092
      -0.00151750005089155      -0.00830299940992288
     -0.000273509992099348      -0.00852669946290277
       0.00251949990249726      -0.00929460029190925
       0.00476199989203768      -0.00908929974434965
       0.00768910027955608      -0.00689319965998353
        0.0107770002085182      -0.00606549954851351
        0.0134960004060577      -0.00465749983309642
        0.0162440001694561      -0.00407389991161637
        0.0179290017048992      -0.00280979973566113
        0.0193770001235613      -0.00189689989695388
         0.021794000816235     -0.000968679997479193
        0.0232689993043346      -0.00068305996458396
        0.0240750004324032     -0.000778059964523089
        0.0249400014215072       -0.0013210999979492
        0.0261710005175658      -0.00201510000285699
        0.0215070014589574      -0.00370519995908813
        0.0182290007322366      -0.00346919992444832
        0.0209439989936121       0.00311659985696554
        0.0179570005414402       0.00386059988860363
        0.0188609985785094       0.00231029981693725
        0.0153519991109145      -0.00193079991151763
        0.0137919994594454      -0.00615199934305718
        0.0152709998837092      -0.00867759930611262
        0.0152979999531467      -0.00916179943988166
        0.0156369989717709      -0.00703789955377816
        0.0157740007775941      -0.00631759997668312
        0.0164780010982836      -0.00415839983729675
        0.0169319986321323      -0.00344109980925448
        0.0167449996047054     -0.000170899993735159
        0.0163809990319578      0.000710249956390645
        0.0173669999688717      -0.00164009992950085
        0.0191160001064034      -0.00369809999241179
        0.0179650004893397      -0.00525599961660709
        0.0137589999196369      -0.00610909953724539
        0.0114879997477894      -0.00663979954587073
       0.00978929999397833      -0.00871159961921013
       0.00891739985922444      -0.00966099986133617
       0.00907309960557601       -0.0104039991958161
        0.0101279997749143       -0.0107339994230845
        0.0116319997910871       -0.0117749990490829
        0.0133279995379545       -0.0106539995837098
        0.0149410005611951      -0.00930329944179817
        0.0156670012291618      -0.00756869922533185
        0.0158220004649909      -0.00706190001407491
        0.0162349994922388      -0.00608449957392555
        0.0155880005172705      -0.00348719976118655
        0.0160420000133336      0.000256659975361392
        0.0176709999512661       0.00465559962716148
        0.0171639990834314       0.00713699958997762
      -0.00664310022394968       -0.0242209980856929
      -0.00594440033476944        -0.024574998773258
      -0.00559280046615179       -0.0251119989027112
      -0.00558510024649407        -0.026624998089505
      -0.00560390022216855       -0.0287159995480504
      -0.00508869975112447       -0.0301769990934928
      -0.00355289984394055       -0.0309819989390935
      -0.00117399995782836       -0.0323810000073523
       0.00110800001974251       -0.0346639990464599
       0.00265279999095173       -0.0363209989610968
       0.00438209998697653       -0.0367389974862244
       0.00779300001987105       -0.0375670011628384
        0.0126890005108857       -0.0399979955826724
        0.0170180005248196       -0.0416539948001512
        0.0194150003666374       -0.0395269967190353
        0.0213120005214166       -0.0345709992967473
        0.0250600006399993       -0.0311679984385187
         0.030696000236144       -0.0312339976703975
        0.0358259996937718       -0.0323030005453252
        0.0389800002469435       -0.0317489966999329
        0.0416280006615984       -0.0305699984951028
        0.0461100004149402       -0.0310999978123237
        0.0525499996805178       -0.0330309995921197
        0.0589149991892611       -0.0342379990119418
        0.0637890022763201       -0.0339619977864038
        0.0676420024469138         -0.03326699733858
         0.071384000151804       -0.0325409976521645
        0.0749029961203981        -0.031036998637982
        0.0777219995911098       -0.0283019997436807
        0.0803090065349511       -0.0245209997715276
        0.0834980051432454       -0.0195069985249394
         0.086943002084323       -0.0126590000708376
        0.0894340018045132      -0.00460579968901438
        0.0905999966636294       0.00327979993607748
        0.0912510044425119        0.0108159996398069
        0.0914560008999448        0.0186379988078388
        0.0901170015261362        0.0261629993984791
        0.0870800038901462        0.0319499985209809
        0.0845199970157424        0.0365719949613053
        0.0843750050730915        0.0431609999736827
        0.0854409976401428        0.0529439984459756
        0.0846320002107638        0.0630849942926543
        0.0814689970181604        0.0702799946560262
        0.0785909936864133        0.0752789976488662
        0.0776910044532584        0.0812509955736351
        0.0768470011198994        0.0887389927427348
        0.0734629976496355        0.0951319994198549
        0.0679579974456215        0.0987729994188601
        0.0627210004017758         0.101009996897753
        0.0583369975574346         0.103359991798023
        0.0532340001314587         0.105289994914598
        0.0466710014216499         0.106239990083388
        0.0401149999682084         0.107449995662559
        0.0346340015701072         0.110089997480706
        0.0293959998725149          0.11290999461533
         0.023234001249212          0.11350998985125
        0.0165699995180204         0.111499996048018
        0.0105320000871593         0.108469998953673
       0.00516080033625869          0.10549999487432
     -0.000663070001037334         0.102399989657651
      -0.00737279966596359         0.099248989564664
       -0.0144910000579746        0.0970699999779459
       -0.0212849984897647        0.0961299955092386
       -0.0275270005164911         0.095405995183202
       -0.0332989972647125        0.0940929991542355
       -0.0388879998649924        0.0928079982384489
       -0.0444850004509575        0.0924439966811144
       -0.0499960011064497        0.0926140012975079
       -0.0548060006858842        0.0920589967549575
       -0.0585189968627013        0.0903860019572889
       -0.0614489988746877         0.088055996592934
       -0.0641919979348185        0.0855199940574898
       -0.0668660016140218        0.0824879955688281
       -0.0692810008480599        0.0789029939319323
       -0.0716000007073042        0.0752279946367983
       -0.0743329963986855        0.0718389913351598
       -0.0777600037586146         0.068698998910912
       -0.0814879991019128        0.0654719946484019
       -0.0850560033360789        0.0620219976346127
       -0.0881780040976528        0.0584569977372557
       -0.0905689936769206        0.0546919967160089
       -0.0920500024275702        0.0507149984085985
       -0.0928129977037593        0.0466869970891202
       -0.0930999990232512        0.0427399952892061
       -0.0930320043716416        0.0388409984777601
       -0.0926470022187203        0.0348289961091881
       -0.0921049993713343        0.0307869992670571
        -0.091539002566893        0.0269449994809413
       -0.0907880003448029        0.0233539977289713
       -0.0897919960391395        0.0197659980684757
       -0.0887930013188088         0.016061000231908
       -0.0882029948595972        0.0123719993123094
       -0.0878000031255275       0.00886699954872563
       -0.0873309946519116       0.00570189969379833
       -0.0869090008340895       0.00282299998882435
       -0.0868609972222639       0.00023268999234407
       -0.0869920025010376       -0.0020707998846656
       -0.0870199993753643      -0.00421799979390359
        -0.087188993123928       -0.0062070997218427
       -0.0877059973605121      -0.00790019948136878
       -0.0877329974299496      -0.00905969985462943
       -0.0863059966670324      -0.00965739979229165
       -0.0837410057681831       -0.0101180001514147
       -0.0812199998661732        -0.010608999737622
       -0.0790360003541165        -0.010891999741455
        -0.076173004037708       -0.0106179999102333
       -0.0724359982061207      -0.00990149972803946
       -0.0691350042516624      -0.00942790047554726
       -0.0671490000162425      -0.00974509910136583
       -0.0655099976906678       -0.0104239999183863
       -0.0631239999847029        -0.010607000377243
       -0.0602510002995449      -0.00997129937178808
       -0.0574420001975827      -0.00914459944899187
       -0.0539849984291201      -0.00883719931618005
       -0.0490659978426177      -0.00894530003347512
       -0.0439760020489159      -0.00896679976784519
       -0.0409010002454211      -0.00875329940200708
       -0.0401199996903688      -0.00886719989155099
       -0.0399419993779447      -0.00961939974146757
        -0.039457999586705       -0.0106650001336687
       -0.0395699988572977       -0.0115659997865191
       -0.0405629970505789       -0.0124129994206706
       -0.0411330006967202       -0.0133019998603413
       -0.0403950001069043       -0.0139979989713859
       -0.0393009988922403       -0.0140369997193681
       -0.0388030006638373       -0.0137750001182948
       -0.0379489978861575       -0.0139059999188314
        -0.035195999381706       -0.0145359987810286
       -0.0310149993850195       -0.0150989997481262
       -0.0273619998741269       -0.0153909989076018
       -0.0251320001710946       -0.0160049998358614
       -0.0236280001549218       -0.0173860005588976
       -0.0221139987322139        -0.019038997684902
       -0.0207690008691415       -0.0203119983705402
       -0.0196020013562787       -0.0212289990082342
       -0.0179990017395732       -0.0219829978757044
       -0.0157379990498321       -0.0224699977241852
       -0.0135090000761176       -0.0226139984520284
       -0.0120219997039544       -0.0228519996267423
       -0.0110999993313434       -0.0235039985718886
       -0.0101869996359497       -0.0241089993275369
      -0.00920160011773367       -0.0241019985153046
      -0.00828400001079956       -0.0237469991645186
      -0.00746010005399609       -0.0237869985757216
       -0.0151000007520811        0.0783779940326275
       -0.0164529995441602        0.0781209938494702
       -0.0180089992216796        0.0778919969152422
       -0.0197399999669911         0.077889002959517
       -0.0211739999484899        0.0775329988436983
       -0.0219930007466183        0.0761850028214447
       -0.0225879990791328          0.07427699877085
       -0.0236719988872617        0.0728269967244606
       -0.0253379993200596        0.0721429998775017
       -0.0269939983463224         0.071716995775109
       -0.0283179985536499        0.0715029930267546
       -0.0296969996291702        0.0719370027064123
        -0.031456001173237        0.0727479985992127
       -0.0331780032035456        0.0728809936922537
       -0.0343580004242538        0.0721349943002366
       -0.0354540030975534        0.0718449955181086
        -0.037486998442195        0.0730639992359537
       -0.0407200016694723        0.0750859932693341
       -0.0443119998606938        0.0763469937248239
       -0.0474440000665884        0.0763739962765951
       -0.0501510003422787        0.0758059989424874
        -0.052866999332972        0.0749720032865484
       -0.0555620026301347          0.07362700122002
       -0.0579060011001809          0.07176099390707
       -0.0597800021405794        0.0697180015048673
       -0.0612889999166983        0.0674089985772094
       -0.0624690010618352        0.0643379973066282
       -0.0634350031101076        0.0604920008336918
        -0.064464004012258        0.0564559980048231
       -0.0656609979336543         0.052499998066235
       -0.0666339972382941        0.0482459978361284
       -0.0669270029336929        0.0432459982140048
       -0.0666270039063554         0.037586994766628
       -0.0659789943909976        0.0315539970278964
       -0.0647900023797152        0.0252919982870622
       -0.0629009982484068        0.0188899995730801
       -0.0610829988055189        0.0124449993564205
       -0.0605110015495993       0.00593419974222312
       -0.0611290009587088     -0.000581779928947903
       -0.0614169990830898      -0.00682469970217809
       -0.0604009998132136        -0.012687000268861
       -0.0590000023148449       -0.0186539997926824
       -0.0586250035306731       -0.0251609984865256
       -0.0590110024884835       -0.0314579992545841
       -0.0584480000231382       -0.0361779968964744
       -0.0560400019698961       -0.0390699954119881
       -0.0526279977008769       -0.0414290006545558
       -0.0493120006555088       -0.0443649973020304
       -0.0461289985742639       -0.0474090000887151
       -0.0424280033004032       -0.0495630007216022
       -0.0380889979555055       -0.0508199983884594
       -0.0334630030644019        -0.051868997489911
       -0.0287469994389111       -0.0528919988046242
       -0.0239720018390279       -0.0534509980000579
       -0.0193169995332081       -0.0533699984804937
       -0.0149999994411234       -0.0528849979923919
       -0.0107730002345685       -0.0519939992093108
      -0.00615569991524378       -0.0505079964724763
      -0.00113949993723509       -0.0486559989197402
        0.0037947999119054       -0.0470149979560096
       0.00843480010792253       -0.0456639998422816
        0.0130200005627175       -0.0441339949056115
        0.0178570002115896       -0.0421359972646533
        0.0227850014753093        -0.039918000828141
         0.027427998953744       -0.0376389984758541
        0.0315839983774142       -0.0351899996429229
        0.0352989999372957       -0.0326529984442578
        0.0386570001430111       -0.0304679985727789
        0.0417429981957158       -0.0287619990743277
        0.0446369974988331       -0.0271359983982825
        0.0473569994067977       -0.0251999992345078
        0.0497590009329902       -0.0230969975458139
         0.051733000341025        -0.021046998229567
        0.0534100029096758        -0.018968997698328
        0.0551149984282246        -0.016717999611939
        0.0570899985655772       -0.0144879998943724
        0.0592399968274004       -0.0124419992988834
          0.06132900161841       -0.0104269999759234
        0.0631380023462949      -0.00816439980261511
         0.064723997413455      -0.00569489989853467
        0.0662159984888858      -0.00321429978156698
        0.0675970049474704     -0.000789139965158285
        0.0686180000150783       0.00160859996096678
        0.0690970000841576       0.00391269970136772
        0.0692270007091848       0.00614590007353897
         0.069371003695804       0.00856199946194347
        0.0696429979999574         0.011314999718436
        0.0698959980692159        0.0143139985911583
        0.0700470022366311        0.0175239991377293
        0.0702209957073552        0.0211729986121876
        0.0705010036949085         0.025378999955638
          0.07074799938826        0.0298269991606228
        0.0709140027221564        0.0341449992622292
        0.0711499943174406        0.0384000001894939
        0.0715619965397994        0.0428289963181607
        0.0719280044578257        0.0472530011646608
        0.0720309971645579        0.0512009995938584
        0.0719800031380651        0.0545050005873002
        0.0720139965394412         0.057336997952072
        0.0720819990399082        0.0598809979290321
        0.0718989950808951        0.0620389972826771
        0.0713310046666755        0.0637829927640778
        0.0704260000136454         0.065273998986703
         0.069094998625522        0.0667199982444599
        0.0672010065453393        0.0683519929337673
        0.0648280026227912        0.0702799946560262
         0.062207999082463        0.0722370003243725
         0.059140999189082        0.0736640026076232
        0.0552610028734794        0.0743229982971273
        0.0508410012446978        0.0745089977965524
        0.0469620017339844         0.074408000605324
        0.0443469979158165        0.0734379996291204
        0.0424439992717735        0.0709059917465594
        0.0402089978843664        0.0671989945496129
        0.0375569984768689        0.0635629939685238
        0.0353050003887738        0.0607789975243454
        0.0338529970906261        0.0585729972501069
        0.0325420024400015        0.0565039989254165
        0.0307180005834211        0.0547079997347898
        0.0286899990742969         0.053495996829177
        0.0272189995790398        0.0527489967400018
        0.0263250009862914        0.0522159993991811
        0.0253749988338179         0.052013996880975
        0.0240720002066641        0.0524119977344384
        0.0228010013711082        0.0533669963890193
        0.0218470002257922        0.0547649987940573
        0.0208479996188184         0.056625998553342
        0.0192220008877322        0.0589809969394024
        0.0168910001255315        0.0615419965644269
        0.0143179994677109        0.0638959983212039
        0.0118439993915303        0.0659369933969649
        0.0094557000081345        0.0677939985033663
       0.00697539975223394        0.0695629992100966
       0.00436950011809022        0.0713009986442977
       0.00176440008629357         0.073109998762231
     -0.000721520012820734        0.0748809967954028
      -0.00302799990209426        0.0762229967704568
      -0.00515210036839033        0.0769839984840967
      -0.00706420025313599        0.0774340030467861
       -0.0086976004567453        0.0778200036701012
       -0.0100260009297496        0.0780730010646259
       -0.0112039996351438        0.0780969933891734
       -0.0124450001377374        0.0781330022153678
        -0.013778000041175        0.0783129975318442
